-5.02,-18.74;-1
18.03,5.46;-1
9.28,-7.43;-1
3.95,0.34;-1
-13.76,16.30;1
-13.76,-10.03;1
-17.68,-3.58;1
14.65,10.22;-1
4.04,-10.85;-1
8.32,-16.92;-1
-19.18,-8.41;1
18.80,-13.55;-1
13.30,17.19;-1
-11.51,12.32;1
-12.73,5.34;1
-12.66,14.86;1
-7.83,12.15;1
0.99,-12.54;-1
-2.72,15.70;1
-8.35,1.57;1
4.47,12.30;-1
-14.42,15.84;1
-8.31,-7.28;1
-5.35,-15.60;-1
-1.76,-10.88;-1
11.41,-2.92;-1
-12.01,12.72;1
0.57,14.43;1
3.70,-19.72;-1
-18.14,0.43;1
4.30,-3.30;-1
-13.18,-11.12;1
-17.40,-15.21;1
17.96,-6.50;-1
18.63,17.72;-1
12.34,-7.07;-1
-7.82,0.75;1
-16.09,8.12;1
7.37,-5.45;-1
-2.39,18.87;1
-15.12,18.50;1
-0.19,-9.93;-1
-18.62,-0.11;1
16.37,-7.96;-1
-9.65,-8.61;1
6.50,-18.52;-1
-7.53,4.38;1
0.80,0.11;-1
1.87,-17.94;-1
-12.61,-8.85;1
18.78,16.33;-1
11.01,-10.42;-1
17.58,-14.20;-1
15.79,-0.42;-1
3.92,19.43;1
16.87,-10.32;-1
-16.46,6.89;1
-12.16,10.46;1
-18.19,-10.49;1
-6.99,9.13;1
-4.45,-5.29;1
-9.15,5.29;1
13.15,5.34;-1
-5.73,1.43;1
-8.76,-16.39;1
1.71,13.41;1
-14.36,-7.17;1
12.09,-12.54;-1
-17.02,-18.37;1
19.48,3.64;-1
10.89,7.10;-1
-12.05,-19.34;1
-19.78,0.48;1
12.62,-10.94;-1
8.27,5.81;-1
9.16,-13.03;-1
10.85,7.64;-1
-17.04,-4.53;1
-5.66,17.47;1
-15.37,-14.50;1
14.52,-6.36;-1
4.93,-15.46;-1
-6.76,16.99;1
-17.46,15.09;1
-7.56,-9.68;1
-6.99,6.40;1
9.18,12.69;-1
5.50,2.21;-1
15.49,1.19;-1
-1.11,-10.33;-1
-15.22,-16.28;1
8.53,15.89;-1
10.43,16.02;-1
2.45,5.32;-1
10.84,-6.44;-1
-0.25,-6.03;-1
0.91,9.04;1
-2.90,15.88;1
-18.98,15.48;1
-15.68,11.20;1

